Date,YearMonthDay,YearMonth,Diseases,DiseasesCN,Cases,Deaths,Incidence,Mortality,ProvinceCN,Province,ADCode,DOI,URL,Source
2014-08-01 00:00:00,2014/08/01,2014 August,Typhoid,伤寒,1118.0,0.0,0.0824989599080144,,全国,Total,100000,missing,https://www.phsciencedata.cn/Share/ky_sjml.jsp,The Data-center of China Public Health Science
2014-08-01 00:00:00,2014/08/01,2014 August,Typhoid,伤寒,,,,,北京,Beijing,110000,missing,https://www.phsciencedata.cn/Share/ky_sjml.jsp,The Data-center of China Public Health Science
2014-08-01 00:00:00,2014/08/01,2014 August,Typhoid,伤寒,5.0,0.0,0.03396254610415633,,天津,Tianjin,120000,missing,https://www.phsciencedata.cn/Share/ky_sjml.jsp,The Data-center of China Public Health Science
2014-08-01 00:00:00,2014/08/01,2014 August,Typhoid,伤寒,15.0,0.0,0.020456563215553534,,河北,Hebei,130000,missing,https://www.phsciencedata.cn/Share/ky_sjml.jsp,The Data-center of China Public Health Science
2014-08-01 00:00:00,2014/08/01,2014 August,Typhoid,伤寒,51.0,0.0,0.14050360901427075,,山西,Shanxi,140000,missing,https://www.phsciencedata.cn/Share/ky_sjml.jsp,The Data-center of China Public Health Science
2014-08-01 00:00:00,2014/08/01,2014 August,Typhoid,伤寒,2.0,0.0,0.00800765531848447,,内蒙古,Inner Mongolia,150000,missing,https://www.phsciencedata.cn/Share/ky_sjml.jsp,The Data-center of China Public Health Science
2014-08-01 00:00:00,2014/08/01,2014 August,Typhoid,伤寒,15.0,0.0,0.03416856492027335,,辽宁,Liaoning,210000,missing,https://www.phsciencedata.cn/Share/ky_sjml.jsp,The Data-center of China Public Health Science
2014-08-01 00:00:00,2014/08/01,2014 August,Typhoid,伤寒,2.0,0.0,0.007269343723648629,,吉林,Jilin,220000,missing,https://www.phsciencedata.cn/Share/ky_sjml.jsp,The Data-center of China Public Health Science
2014-08-01 00:00:00,2014/08/01,2014 August,Typhoid,伤寒,6.0,0.0,0.01564528998544988,,黑龙江,Heilongjiang,230000,missing,https://www.phsciencedata.cn/Share/ky_sjml.jsp,The Data-center of China Public Health Science
2014-08-01 00:00:00,2014/08/01,2014 August,Typhoid,伤寒,4.0,0.0,0.01656211829492992,,上海,Shanghai,310000,missing,https://www.phsciencedata.cn/Share/ky_sjml.jsp,The Data-center of China Public Health Science
2014-08-01 00:00:00,2014/08/01,2014 August,Typhoid,伤寒,14.0,0.0,0.017633374435889457,,江苏,Jiangsu,320000,missing,https://www.phsciencedata.cn/Share/ky_sjml.jsp,The Data-center of China Public Health Science
2014-08-01 00:00:00,2014/08/01,2014 August,Typhoid,伤寒,37.0,0.0,0.0672971989814478,,浙江,Zhejiang,330000,missing,https://www.phsciencedata.cn/Share/ky_sjml.jsp,The Data-center of China Public Health Science
2014-08-01 00:00:00,2014/08/01,2014 August,Typhoid,伤寒,28.0,0.0,0.046436034362665427,,安徽,Anhui,340000,missing,https://www.phsciencedata.cn/Share/ky_sjml.jsp,The Data-center of China Public Health Science
2014-08-01 00:00:00,2014/08/01,2014 August,Typhoid,伤寒,46.0,0.0,0.12188659247482778,,福建,Fujian,350000,missing,https://www.phsciencedata.cn/Share/ky_sjml.jsp,The Data-center of China Public Health Science
2014-08-01 00:00:00,2014/08/01,2014 August,Typhoid,伤寒,23.0,0.0,0.05086076313258074,,江西,Jiangxi,360000,missing,https://www.phsciencedata.cn/Share/ky_sjml.jsp,The Data-center of China Public Health Science
2014-08-01 00:00:00,2014/08/01,2014 August,Typhoid,伤寒,6.0,0.0,0.006164347673318341,,山东,Shandong,370000,missing,https://www.phsciencedata.cn/Share/ky_sjml.jsp,The Data-center of China Public Health Science
2014-08-01 00:00:00,2014/08/01,2014 August,Typhoid,伤寒,14.0,0.0,0.014872494914137899,,河南,Henan,410000,missing,https://www.phsciencedata.cn/Share/ky_sjml.jsp,The Data-center of China Public Health Science
2014-08-01 00:00:00,2014/08/01,2014 August,Typhoid,伤寒,24.0,0.0,0.04138644593895499,,湖北,Hubei,420000,missing,https://www.phsciencedata.cn/Share/ky_sjml.jsp,The Data-center of China Public Health Science
2014-08-01 00:00:00,2014/08/01,2014 August,Typhoid,伤寒,101.0,0.0,0.15095806056258035,,湖南,Hunan,430000,missing,https://www.phsciencedata.cn/Share/ky_sjml.jsp,The Data-center of China Public Health Science
2014-08-01 00:00:00,2014/08/01,2014 August,Typhoid,伤寒,134.0,0.0,0.12589252160841788,,广东,Guangdong,440000,missing,https://www.phsciencedata.cn/Share/ky_sjml.jsp,The Data-center of China Public Health Science
2014-08-01 00:00:00,2014/08/01,2014 August,Typhoid,伤寒,88.0,0.0,0.1864801864801865,,广西,Guangxi,450000,missing,https://www.phsciencedata.cn/Share/ky_sjml.jsp,The Data-center of China Public Health Science
2014-08-01 00:00:00,2014/08/01,2014 August,Typhoid,伤寒,3.0,0.0,0.03350906978822268,,海南,Hainan,460000,missing,https://www.phsciencedata.cn/Share/ky_sjml.jsp,The Data-center of China Public Health Science
2014-08-01 00:00:00,2014/08/01,2014 August,Typhoid,伤寒,8.0,0.0,0.026936026936026935,,重庆,Chongqing,500000,missing,https://www.phsciencedata.cn/Share/ky_sjml.jsp,The Data-center of China Public Health Science
2014-08-01 00:00:00,2014/08/01,2014 August,Typhoid,伤寒,13.0,0.0,0.016035524855063526,,四川,Sichuan,510000,missing,https://www.phsciencedata.cn/Share/ky_sjml.jsp,The Data-center of China Public Health Science
2014-08-01 00:00:00,2014/08/01,2014 August,Typhoid,伤寒,66.0,0.0,0.18845189622582248,,贵州,Guizhou,520000,missing,https://www.phsciencedata.cn/Share/ky_sjml.jsp,The Data-center of China Public Health Science
2014-08-01 00:00:00,2014/08/01,2014 August,Typhoid,伤寒,387.0,0.0,0.825758545640763,,云南,Yunnan,530000,missing,https://www.phsciencedata.cn/Share/ky_sjml.jsp,The Data-center of China Public Health Science
2014-08-01 00:00:00,2014/08/01,2014 August,Typhoid,伤寒,5.0,0.0,0.013283740701381509,,陕西,Shaanxi,610000,missing,https://www.phsciencedata.cn/Share/ky_sjml.jsp,The Data-center of China Public Health Science
2014-08-01 00:00:00,2014/08/01,2014 August,Typhoid,伤寒,4.0,0.0,0.015490786854518275,,甘肃,Gansu,620000,missing,https://www.phsciencedata.cn/Share/ky_sjml.jsp,The Data-center of China Public Health Science
2014-08-01 00:00:00,2014/08/01,2014 August,Typhoid,伤寒,2.0,0.0,0.03461465238235345,,青海,Qinghai,630000,missing,https://www.phsciencedata.cn/Share/ky_sjml.jsp,The Data-center of China Public Health Science
2014-08-01 00:00:00,2014/08/01,2014 August,Typhoid,伤寒,1.0,0.0,0.015286078967883948,,宁夏,Ningxia,640000,missing,https://www.phsciencedata.cn/Share/ky_sjml.jsp,The Data-center of China Public Health Science
2014-08-01 00:00:00,2014/08/01,2014 August,Typhoid,伤寒,14.0,0.0,0.061829262906858626,,新疆,Xinjiang,650000,missing,https://www.phsciencedata.cn/Share/ky_sjml.jsp,The Data-center of China Public Health Science
2014-08-01 00:00:00,2014/08/01,2014 August,Typhoid fever and paratyphoid fever,伤寒+副伤寒,1632.0,0.0,0.1204278198299459,,全国,Total,100000,missing,https://www.phsciencedata.cn/Share/ky_sjml.jsp,The Data-center of China Public Health Science
2014-08-01 00:00:00,2014/08/01,2014 August,Typhoid fever and paratyphoid fever,伤寒+副伤寒,0.0,0.0,,,北京,Beijing,110000,missing,https://www.phsciencedata.cn/Share/ky_sjml.jsp,The Data-center of China Public Health Science
2014-08-01 00:00:00,2014/08/01,2014 August,Typhoid fever and paratyphoid fever,伤寒+副伤寒,7.0,0.0,0.04754756454581887,,天津,Tianjin,120000,missing,https://www.phsciencedata.cn/Share/ky_sjml.jsp,The Data-center of China Public Health Science
2014-08-01 00:00:00,2014/08/01,2014 August,Typhoid fever and paratyphoid fever,伤寒+副伤寒,22.0,0.0,0.03000295938281185,,河北,Hebei,130000,missing,https://www.phsciencedata.cn/Share/ky_sjml.jsp,The Data-center of China Public Health Science
2014-08-01 00:00:00,2014/08/01,2014 August,Typhoid fever and paratyphoid fever,伤寒+副伤寒,59.0,0.0,0.16254339082043087,,山西,Shanxi,140000,missing,https://www.phsciencedata.cn/Share/ky_sjml.jsp,The Data-center of China Public Health Science
2014-08-01 00:00:00,2014/08/01,2014 August,Typhoid fever and paratyphoid fever,伤寒+副伤寒,2.0,0.0,0.00800765531848447,,内蒙古,Inner Mongolia,150000,missing,https://www.phsciencedata.cn/Share/ky_sjml.jsp,The Data-center of China Public Health Science
2014-08-01 00:00:00,2014/08/01,2014 August,Typhoid fever and paratyphoid fever,伤寒+副伤寒,16.0,0.0,0.03644646924829157,,辽宁,Liaoning,210000,missing,https://www.phsciencedata.cn/Share/ky_sjml.jsp,The Data-center of China Public Health Science
2014-08-01 00:00:00,2014/08/01,2014 August,Typhoid fever and paratyphoid fever,伤寒+副伤寒,2.0,0.0,0.007269343723648629,,吉林,Jilin,220000,missing,https://www.phsciencedata.cn/Share/ky_sjml.jsp,The Data-center of China Public Health Science
2014-08-01 00:00:00,2014/08/01,2014 August,Typhoid fever and paratyphoid fever,伤寒+副伤寒,8.0,0.0,0.02086038664726651,,黑龙江,Heilongjiang,230000,missing,https://www.phsciencedata.cn/Share/ky_sjml.jsp,The Data-center of China Public Health Science
2014-08-01 00:00:00,2014/08/01,2014 August,Typhoid fever and paratyphoid fever,伤寒+副伤寒,6.0,0.0,0.024843177442394882,,上海,Shanghai,310000,missing,https://www.phsciencedata.cn/Share/ky_sjml.jsp,The Data-center of China Public Health Science
2014-08-01 00:00:00,2014/08/01,2014 August,Typhoid fever and paratyphoid fever,伤寒+副伤寒,17.0,0.0,0.021411954672151484,,江苏,Jiangsu,320000,missing,https://www.phsciencedata.cn/Share/ky_sjml.jsp,The Data-center of China Public Health Science
2014-08-01 00:00:00,2014/08/01,2014 August,Typhoid fever and paratyphoid fever,伤寒+副伤寒,46.0,0.0,0.08366678792288106,,浙江,Zhejiang,330000,missing,https://www.phsciencedata.cn/Share/ky_sjml.jsp,The Data-center of China Public Health Science
2014-08-01 00:00:00,2014/08/01,2014 August,Typhoid fever and paratyphoid fever,伤寒+副伤寒,30.0,0.0,0.04975289395999867,,安徽,Anhui,340000,missing,https://www.phsciencedata.cn/Share/ky_sjml.jsp,The Data-center of China Public Health Science
2014-08-01 00:00:00,2014/08/01,2014 August,Typhoid fever and paratyphoid fever,伤寒+副伤寒,58.0,0.0,0.15368309485956544,,福建,Fujian,350000,missing,https://www.phsciencedata.cn/Share/ky_sjml.jsp,The Data-center of China Public Health Science
2014-08-01 00:00:00,2014/08/01,2014 August,Typhoid fever and paratyphoid fever,伤寒+副伤寒,25.0,0.0,0.05528343818758776,,江西,Jiangxi,360000,missing,https://www.phsciencedata.cn/Share/ky_sjml.jsp,The Data-center of China Public Health Science
2014-08-01 00:00:00,2014/08/01,2014 August,Typhoid fever and paratyphoid fever,伤寒+副伤寒,7.0,0.0,0.0071917389522047305,,山东,Shandong,370000,missing,https://www.phsciencedata.cn/Share/ky_sjml.jsp,The Data-center of China Public Health Science
2014-08-01 00:00:00,2014/08/01,2014 August,Typhoid fever and paratyphoid fever,伤寒+副伤寒,14.0,0.0,0.014872494914137899,,河南,Henan,410000,missing,https://www.phsciencedata.cn/Share/ky_sjml.jsp,The Data-center of China Public Health Science
2014-08-01 00:00:00,2014/08/01,2014 August,Typhoid fever and paratyphoid fever,伤寒+副伤寒,32.0,0.0,0.055181927918606655,,湖北,Hubei,420000,missing,https://www.phsciencedata.cn/Share/ky_sjml.jsp,The Data-center of China Public Health Science
2014-08-01 00:00:00,2014/08/01,2014 August,Typhoid fever and paratyphoid fever,伤寒+副伤寒,110.0,0.0,0.16440976892954295,,湖南,Hunan,430000,missing,https://www.phsciencedata.cn/Share/ky_sjml.jsp,The Data-center of China Public Health Science
2014-08-01 00:00:00,2014/08/01,2014 August,Typhoid fever and paratyphoid fever,伤寒+副伤寒,169.0,0.0,0.1587748966553927,,广东,Guangdong,440000,missing,https://www.phsciencedata.cn/Share/ky_sjml.jsp,The Data-center of China Public Health Science
2014-08-01 00:00:00,2014/08/01,2014 August,Typhoid fever and paratyphoid fever,伤寒+副伤寒,106.0,0.0,0.22462386098749734,,广西,Guangxi,450000,missing,https://www.phsciencedata.cn/Share/ky_sjml.jsp,The Data-center of China Public Health Science
2014-08-01 00:00:00,2014/08/01,2014 August,Typhoid fever and paratyphoid fever,伤寒+副伤寒,5.0,0.0,0.05584844964703779,,海南,Hainan,460000,missing,https://www.phsciencedata.cn/Share/ky_sjml.jsp,The Data-center of China Public Health Science
2014-08-01 00:00:00,2014/08/01,2014 August,Typhoid fever and paratyphoid fever,伤寒+副伤寒,12.0,0.0,0.04040404040404041,,重庆,Chongqing,500000,missing,https://www.phsciencedata.cn/Share/ky_sjml.jsp,The Data-center of China Public Health Science
2014-08-01 00:00:00,2014/08/01,2014 August,Typhoid fever and paratyphoid fever,伤寒+副伤寒,24.0,0.0,0.02960404588627112,,四川,Sichuan,510000,missing,https://www.phsciencedata.cn/Share/ky_sjml.jsp,The Data-center of China Public Health Science
2014-08-01 00:00:00,2014/08/01,2014 August,Typhoid fever and paratyphoid fever,伤寒+副伤寒,93.0,0.0,0.26554585377274986,,贵州,Guizhou,520000,missing,https://www.phsciencedata.cn/Share/ky_sjml.jsp,The Data-center of China Public Health Science
2014-08-01 00:00:00,2014/08/01,2014 August,Typhoid fever and paratyphoid fever,伤寒+副伤寒,729.0,0.0,1.5554986557419024,,云南,Yunnan,530000,missing,https://www.phsciencedata.cn/Share/ky_sjml.jsp,The Data-center of China Public Health Science
2014-08-01 00:00:00,2014/08/01,2014 August,Typhoid fever and paratyphoid fever,伤寒+副伤寒,9.0,0.0,0.023910733262486716,,陕西,Shaanxi,610000,missing,https://www.phsciencedata.cn/Share/ky_sjml.jsp,The Data-center of China Public Health Science
2014-08-01 00:00:00,2014/08/01,2014 August,Typhoid fever and paratyphoid fever,伤寒+副伤寒,7.0,0.0,0.02710887699540698,,甘肃,Gansu,620000,missing,https://www.phsciencedata.cn/Share/ky_sjml.jsp,The Data-center of China Public Health Science
2014-08-01 00:00:00,2014/08/01,2014 August,Typhoid fever and paratyphoid fever,伤寒+副伤寒,2.0,0.0,0.03461465238235345,,青海,Qinghai,630000,missing,https://www.phsciencedata.cn/Share/ky_sjml.jsp,The Data-center of China Public Health Science
2014-08-01 00:00:00,2014/08/01,2014 August,Typhoid fever and paratyphoid fever,伤寒+副伤寒,1.0,0.0,0.015286078967883948,,宁夏,Ningxia,640000,missing,https://www.phsciencedata.cn/Share/ky_sjml.jsp,The Data-center of China Public Health Science
2014-08-01 00:00:00,2014/08/01,2014 August,Typhoid fever and paratyphoid fever,伤寒+副伤寒,14.0,0.0,0.061829262906858626,,新疆,Xinjiang,650000,missing,https://www.phsciencedata.cn/Share/ky_sjml.jsp,The Data-center of China Public Health Science
2014-08-01 00:00:00,2014/08/01,2014 August,Paratyphoid,副伤寒,514.0,0.0,0.037928859921931485,,全国,Total,100000,missing,https://www.phsciencedata.cn/Share/ky_sjml.jsp,The Data-center of China Public Health Science
2014-08-01 00:00:00,2014/08/01,2014 August,Paratyphoid,副伤寒,0.0,0.0,,,北京,Beijing,110000,missing,https://www.phsciencedata.cn/Share/ky_sjml.jsp,The Data-center of China Public Health Science
2014-08-01 00:00:00,2014/08/01,2014 August,Paratyphoid,副伤寒,2.0,0.0,0.013585018441662535,,天津,Tianjin,120000,missing,https://www.phsciencedata.cn/Share/ky_sjml.jsp,The Data-center of China Public Health Science
2014-08-01 00:00:00,2014/08/01,2014 August,Paratyphoid,副伤寒,7.0,0.0,0.009546396167258315,,河北,Hebei,130000,missing,https://www.phsciencedata.cn/Share/ky_sjml.jsp,The Data-center of China Public Health Science
2014-08-01 00:00:00,2014/08/01,2014 August,Paratyphoid,副伤寒,8.0,0.0,0.02203978180616012,,山西,Shanxi,140000,missing,https://www.phsciencedata.cn/Share/ky_sjml.jsp,The Data-center of China Public Health Science
2014-08-01 00:00:00,2014/08/01,2014 August,Paratyphoid,副伤寒,,,,,内蒙古,Inner Mongolia,150000,missing,https://www.phsciencedata.cn/Share/ky_sjml.jsp,The Data-center of China Public Health Science
2014-08-01 00:00:00,2014/08/01,2014 August,Paratyphoid,副伤寒,1.0,0.0,0.002277904328018223,,辽宁,Liaoning,210000,missing,https://www.phsciencedata.cn/Share/ky_sjml.jsp,The Data-center of China Public Health Science
2014-08-01 00:00:00,2014/08/01,2014 August,Paratyphoid,副伤寒,,,,,吉林,Jilin,220000,missing,https://www.phsciencedata.cn/Share/ky_sjml.jsp,The Data-center of China Public Health Science
2014-08-01 00:00:00,2014/08/01,2014 August,Paratyphoid,副伤寒,2.0,0.0,0.005215096661816627,,黑龙江,Heilongjiang,230000,missing,https://www.phsciencedata.cn/Share/ky_sjml.jsp,The Data-center of China Public Health Science
2014-08-01 00:00:00,2014/08/01,2014 August,Paratyphoid,副伤寒,2.0,0.0,0.00828105914746496,,上海,Shanghai,310000,missing,https://www.phsciencedata.cn/Share/ky_sjml.jsp,The Data-center of China Public Health Science
2014-08-01 00:00:00,2014/08/01,2014 August,Paratyphoid,副伤寒,3.0,0.0,0.003778580236262027,,江苏,Jiangsu,320000,missing,https://www.phsciencedata.cn/Share/ky_sjml.jsp,The Data-center of China Public Health Science
2014-08-01 00:00:00,2014/08/01,2014 August,Paratyphoid,副伤寒,9.0,0.0,0.016369588941433248,,浙江,Zhejiang,330000,missing,https://www.phsciencedata.cn/Share/ky_sjml.jsp,The Data-center of China Public Health Science
2014-08-01 00:00:00,2014/08/01,2014 August,Paratyphoid,副伤寒,2.0,0.0,0.0033168595973332446,,安徽,Anhui,340000,missing,https://www.phsciencedata.cn/Share/ky_sjml.jsp,The Data-center of China Public Health Science
2014-08-01 00:00:00,2014/08/01,2014 August,Paratyphoid,副伤寒,12.0,0.0,0.03179650238473768,,福建,Fujian,350000,missing,https://www.phsciencedata.cn/Share/ky_sjml.jsp,The Data-center of China Public Health Science
2014-08-01 00:00:00,2014/08/01,2014 August,Paratyphoid,副伤寒,2.0,0.0,0.0044226750550070216,,江西,Jiangxi,360000,missing,https://www.phsciencedata.cn/Share/ky_sjml.jsp,The Data-center of China Public Health Science
2014-08-01 00:00:00,2014/08/01,2014 August,Paratyphoid,副伤寒,1.0,0.0,0.00102739127888639,,山东,Shandong,370000,missing,https://www.phsciencedata.cn/Share/ky_sjml.jsp,The Data-center of China Public Health Science
2014-08-01 00:00:00,2014/08/01,2014 August,Paratyphoid,副伤寒,,,,,河南,Henan,410000,missing,https://www.phsciencedata.cn/Share/ky_sjml.jsp,The Data-center of China Public Health Science
2014-08-01 00:00:00,2014/08/01,2014 August,Paratyphoid,副伤寒,8.0,0.0,0.013795481979651664,,湖北,Hubei,420000,missing,https://www.phsciencedata.cn/Share/ky_sjml.jsp,The Data-center of China Public Health Science
2014-08-01 00:00:00,2014/08/01,2014 August,Paratyphoid,副伤寒,9.0,0.0,0.013451708366962604,,湖南,Hunan,430000,missing,https://www.phsciencedata.cn/Share/ky_sjml.jsp,The Data-center of China Public Health Science
2014-08-01 00:00:00,2014/08/01,2014 August,Paratyphoid,副伤寒,35.0,0.0,0.032882375046974825,,广东,Guangdong,440000,missing,https://www.phsciencedata.cn/Share/ky_sjml.jsp,The Data-center of China Public Health Science
2014-08-01 00:00:00,2014/08/01,2014 August,Paratyphoid,副伤寒,18.0,0.0,0.03814367450731087,,广西,Guangxi,450000,missing,https://www.phsciencedata.cn/Share/ky_sjml.jsp,The Data-center of China Public Health Science
2014-08-01 00:00:00,2014/08/01,2014 August,Paratyphoid,副伤寒,2.0,0.0,0.02233937985881512,,海南,Hainan,460000,missing,https://www.phsciencedata.cn/Share/ky_sjml.jsp,The Data-center of China Public Health Science
2014-08-01 00:00:00,2014/08/01,2014 August,Paratyphoid,副伤寒,4.0,0.0,0.013468013468013467,,重庆,Chongqing,500000,missing,https://www.phsciencedata.cn/Share/ky_sjml.jsp,The Data-center of China Public Health Science
2014-08-01 00:00:00,2014/08/01,2014 August,Paratyphoid,副伤寒,11.0,0.0,0.013568521031207599,,四川,Sichuan,510000,missing,https://www.phsciencedata.cn/Share/ky_sjml.jsp,The Data-center of China Public Health Science
2014-08-01 00:00:00,2014/08/01,2014 August,Paratyphoid,副伤寒,27.0,0.0,0.07709395754692738,,贵州,Guizhou,520000,missing,https://www.phsciencedata.cn/Share/ky_sjml.jsp,The Data-center of China Public Health Science
2014-08-01 00:00:00,2014/08/01,2014 August,Paratyphoid,副伤寒,342.0,0.0,0.7297401101011395,,云南,Yunnan,530000,missing,https://www.phsciencedata.cn/Share/ky_sjml.jsp,The Data-center of China Public Health Science
2014-08-01 00:00:00,2014/08/01,2014 August,Paratyphoid,副伤寒,4.0,0.0,0.010626992561105207,,陕西,Shaanxi,610000,missing,https://www.phsciencedata.cn/Share/ky_sjml.jsp,The Data-center of China Public Health Science
2014-08-01 00:00:00,2014/08/01,2014 August,Paratyphoid,副伤寒,3.0,0.0,0.011618090140888706,,甘肃,Gansu,620000,missing,https://www.phsciencedata.cn/Share/ky_sjml.jsp,The Data-center of China Public Health Science
2014-08-01 00:00:00,2014/08/01,2014 August,Paratyphoid,副伤寒,,,,,青海,Qinghai,630000,missing,https://www.phsciencedata.cn/Share/ky_sjml.jsp,The Data-center of China Public Health Science
2014-08-01 00:00:00,2014/08/01,2014 August,Paratyphoid,副伤寒,,,,,宁夏,Ningxia,640000,missing,https://www.phsciencedata.cn/Share/ky_sjml.jsp,The Data-center of China Public Health Science
2014-08-01 00:00:00,2014/08/01,2014 August,Paratyphoid,副伤寒,,,,,新疆,Xinjiang,650000,missing,https://www.phsciencedata.cn/Share/ky_sjml.jsp,The Data-center of China Public Health Science
