Date,YearMonthDay,YearMonth,Diseases,DiseasesCN,Cases,Deaths,Incidence,Mortality,ProvinceCN,Province,ADCode,DOI,URL,Source
2015-05-01 00:00:00,2015/05/01,2015 May,Typhoid,伤寒,917.0,0.0,0.06730439792933036,,全国,Total,100000,missing,https://www.phsciencedata.cn/Share/ky_sjml.jsp,The Data-center of China Public Health Science
2015-05-01 00:00:00,2015/05/01,2015 May,Typhoid,伤寒,2.0,0.0,0.009295408068414205,,北京,Beijing,110000,missing,https://www.phsciencedata.cn/Share/ky_sjml.jsp,The Data-center of China Public Health Science
2015-05-01 00:00:00,2015/05/01,2015 May,Typhoid,伤寒,2.0,0.0,0.01318556620898028,,天津,Tianjin,120000,missing,https://www.phsciencedata.cn/Share/ky_sjml.jsp,The Data-center of China Public Health Science
2015-05-01 00:00:00,2015/05/01,2015 May,Typhoid,伤寒,30.0,0.0,0.04062976019963406,,河北,Hebei,130000,missing,https://www.phsciencedata.cn/Share/ky_sjml.jsp,The Data-center of China Public Health Science
2015-05-01 00:00:00,2015/05/01,2015 May,Typhoid,伤寒,38.0,0.0,0.10416782599060724,,山西,Shanxi,140000,missing,https://www.phsciencedata.cn/Share/ky_sjml.jsp,The Data-center of China Public Health Science
2015-05-01 00:00:00,2015/05/01,2015 May,Typhoid,伤寒,1.0,0.0,0.003992318778669839,,内蒙古,Inner Mongolia,150000,missing,https://www.phsciencedata.cn/Share/ky_sjml.jsp,The Data-center of China Public Health Science
2015-05-01 00:00:00,2015/05/01,2015 May,Typhoid,伤寒,10.0,0.0,0.022773856651052457,,辽宁,Liaoning,210000,missing,https://www.phsciencedata.cn/Share/ky_sjml.jsp,The Data-center of China Public Health Science
2015-05-01 00:00:00,2015/05/01,2015 May,Typhoid,伤寒,2.0,0.0,0.007266439028509074,,吉林,Jilin,220000,missing,https://www.phsciencedata.cn/Share/ky_sjml.jsp,The Data-center of China Public Health Science
2015-05-01 00:00:00,2015/05/01,2015 May,Typhoid,伤寒,2.0,0.0,0.005217845574520801,,黑龙江,Heilongjiang,230000,missing,https://www.phsciencedata.cn/Share/ky_sjml.jsp,The Data-center of China Public Health Science
2015-05-01 00:00:00,2015/05/01,2015 May,Typhoid,伤寒,,,,,上海,Shanghai,310000,missing,https://www.phsciencedata.cn/Share/ky_sjml.jsp,The Data-center of China Public Health Science
2015-05-01 00:00:00,2015/05/01,2015 May,Typhoid,伤寒,12.0,0.0,0.015075264766875101,,江苏,Jiangsu,320000,missing,https://www.phsciencedata.cn/Share/ky_sjml.jsp,The Data-center of China Public Health Science
2015-05-01 00:00:00,2015/05/01,2015 May,Typhoid,伤寒,37.0,0.0,0.06717501571623037,,浙江,Zhejiang,330000,missing,https://www.phsciencedata.cn/Share/ky_sjml.jsp,The Data-center of China Public Health Science
2015-05-01 00:00:00,2015/05/01,2015 May,Typhoid,伤寒,23.0,0.0,0.03781090945018746,,安徽,Anhui,340000,missing,https://www.phsciencedata.cn/Share/ky_sjml.jsp,The Data-center of China Public Health Science
2015-05-01 00:00:00,2015/05/01,2015 May,Typhoid,伤寒,37.0,0.0,0.09721492380451918,,福建,Fujian,350000,missing,https://www.phsciencedata.cn/Share/ky_sjml.jsp,The Data-center of China Public Health Science
2015-05-01 00:00:00,2015/05/01,2015 May,Typhoid,伤寒,10.0,0.0,0.022015955711646724,,江西,Jiangxi,360000,missing,https://www.phsciencedata.cn/Share/ky_sjml.jsp,The Data-center of China Public Health Science
2015-05-01 00:00:00,2015/05/01,2015 May,Typhoid,伤寒,1.0,0.0,0.0010215099033903945,,山东,Shandong,370000,missing,https://www.phsciencedata.cn/Share/ky_sjml.jsp,The Data-center of China Public Health Science
2015-05-01 00:00:00,2015/05/01,2015 May,Typhoid,伤寒,16.0,0.0,0.01695633779051161,,河南,Henan,410000,missing,https://www.phsciencedata.cn/Share/ky_sjml.jsp,The Data-center of China Public Health Science
2015-05-01 00:00:00,2015/05/01,2015 May,Typhoid,伤寒,24.0,0.0,0.04126547526247378,,湖北,Hubei,420000,missing,https://www.phsciencedata.cn/Share/ky_sjml.jsp,The Data-center of China Public Health Science
2015-05-01 00:00:00,2015/05/01,2015 May,Typhoid,伤寒,94.0,0.0,0.13952300942225598,,湖南,Hunan,430000,missing,https://www.phsciencedata.cn/Share/ky_sjml.jsp,The Data-center of China Public Health Science
2015-05-01 00:00:00,2015/05/01,2015 May,Typhoid,伤寒,122.0,0.0,0.11376351470924013,,广东,Guangdong,440000,missing,https://www.phsciencedata.cn/Share/ky_sjml.jsp,The Data-center of China Public Health Science
2015-05-01 00:00:00,2015/05/01,2015 May,Typhoid,伤寒,103.0,0.0,0.2166596641421819,,广西,Guangxi,450000,missing,https://www.phsciencedata.cn/Share/ky_sjml.jsp,The Data-center of China Public Health Science
2015-05-01 00:00:00,2015/05/01,2015 May,Typhoid,伤寒,3.0,0.0,0.03320494457043261,,海南,Hainan,460000,missing,https://www.phsciencedata.cn/Share/ky_sjml.jsp,The Data-center of China Public Health Science
2015-05-01 00:00:00,2015/05/01,2015 May,Typhoid,伤寒,7.0,0.0,0.023400416086141344,,重庆,Chongqing,500000,missing,https://www.phsciencedata.cn/Share/ky_sjml.jsp,The Data-center of China Public Health Science
2015-05-01 00:00:00,2015/05/01,2015 May,Typhoid,伤寒,15.0,0.0,0.01842706635317559,,四川,Sichuan,510000,missing,https://www.phsciencedata.cn/Share/ky_sjml.jsp,The Data-center of China Public Health Science
2015-05-01 00:00:00,2015/05/01,2015 May,Typhoid,伤寒,41.0,0.0,0.11687471315809728,,贵州,Guizhou,520000,missing,https://www.phsciencedata.cn/Share/ky_sjml.jsp,The Data-center of China Public Health Science
2015-05-01 00:00:00,2015/05/01,2015 May,Typhoid,伤寒,255.0,0.0,0.540953350728696,,云南,Yunnan,530000,missing,https://www.phsciencedata.cn/Share/ky_sjml.jsp,The Data-center of China Public Health Science
2015-05-01 00:00:00,2015/05/01,2015 May,Typhoid,伤寒,,,,,陕西,Shaanxi,610000,missing,https://www.phsciencedata.cn/Share/ky_sjml.jsp,The Data-center of China Public Health Science
2015-05-01 00:00:00,2015/05/01,2015 May,Typhoid,伤寒,3.0,0.0,0.011579524313141217,,甘肃,Gansu,620000,missing,https://www.phsciencedata.cn/Share/ky_sjml.jsp,The Data-center of China Public Health Science
2015-05-01 00:00:00,2015/05/01,2015 May,Typhoid,伤寒,1.0,0.0,0.017140298830825934,,青海,Qinghai,630000,missing,https://www.phsciencedata.cn/Share/ky_sjml.jsp,The Data-center of China Public Health Science
2015-05-01 00:00:00,2015/05/01,2015 May,Typhoid,伤寒,2.0,0.0,0.030232483261407737,,宁夏,Ningxia,640000,missing,https://www.phsciencedata.cn/Share/ky_sjml.jsp,The Data-center of China Public Health Science
2015-05-01 00:00:00,2015/05/01,2015 May,Typhoid,伤寒,24.0,0.0,0.10441730899626904,,新疆,Xinjiang,650000,missing,https://www.phsciencedata.cn/Share/ky_sjml.jsp,The Data-center of China Public Health Science
2015-05-01 00:00:00,2015/05/01,2015 May,Typhoid fever and paratyphoid fever,伤寒+副伤寒,1178.0,0.0,0.08646082961913977,,全国,Total,100000,missing,https://www.phsciencedata.cn/Share/ky_sjml.jsp,The Data-center of China Public Health Science
2015-05-01 00:00:00,2015/05/01,2015 May,Typhoid fever and paratyphoid fever,伤寒+副伤寒,2.0,0.0,0.009295408068414205,,北京,Beijing,110000,missing,https://www.phsciencedata.cn/Share/ky_sjml.jsp,The Data-center of China Public Health Science
2015-05-01 00:00:00,2015/05/01,2015 May,Typhoid fever and paratyphoid fever,伤寒+副伤寒,3.0,0.0,0.01977834931347042,,天津,Tianjin,120000,missing,https://www.phsciencedata.cn/Share/ky_sjml.jsp,The Data-center of China Public Health Science
2015-05-01 00:00:00,2015/05/01,2015 May,Typhoid fever and paratyphoid fever,伤寒+副伤寒,35.0,0.0,0.047401386899573066,,河北,Hebei,130000,missing,https://www.phsciencedata.cn/Share/ky_sjml.jsp,The Data-center of China Public Health Science
2015-05-01 00:00:00,2015/05/01,2015 May,Typhoid fever and paratyphoid fever,伤寒+副伤寒,42.0,0.0,0.11513286030540801,,山西,Shanxi,140000,missing,https://www.phsciencedata.cn/Share/ky_sjml.jsp,The Data-center of China Public Health Science
2015-05-01 00:00:00,2015/05/01,2015 May,Typhoid fever and paratyphoid fever,伤寒+副伤寒,1.0,0.0,0.003992318778669839,,内蒙古,Inner Mongolia,150000,missing,https://www.phsciencedata.cn/Share/ky_sjml.jsp,The Data-center of China Public Health Science
2015-05-01 00:00:00,2015/05/01,2015 May,Typhoid fever and paratyphoid fever,伤寒+副伤寒,10.0,0.0,0.022773856651052457,,辽宁,Liaoning,210000,missing,https://www.phsciencedata.cn/Share/ky_sjml.jsp,The Data-center of China Public Health Science
2015-05-01 00:00:00,2015/05/01,2015 May,Typhoid fever and paratyphoid fever,伤寒+副伤寒,2.0,0.0,0.007266439028509074,,吉林,Jilin,220000,missing,https://www.phsciencedata.cn/Share/ky_sjml.jsp,The Data-center of China Public Health Science
2015-05-01 00:00:00,2015/05/01,2015 May,Typhoid fever and paratyphoid fever,伤寒+副伤寒,3.0,0.0,0.007826768361781202,,黑龙江,Heilongjiang,230000,missing,https://www.phsciencedata.cn/Share/ky_sjml.jsp,The Data-center of China Public Health Science
2015-05-01 00:00:00,2015/05/01,2015 May,Typhoid fever and paratyphoid fever,伤寒+副伤寒,3.0,0.0,0.012367667503669178,,上海,Shanghai,310000,missing,https://www.phsciencedata.cn/Share/ky_sjml.jsp,The Data-center of China Public Health Science
2015-05-01 00:00:00,2015/05/01,2015 May,Typhoid fever and paratyphoid fever,伤寒+副伤寒,12.0,0.0,0.015075264766875101,,江苏,Jiangsu,320000,missing,https://www.phsciencedata.cn/Share/ky_sjml.jsp,The Data-center of China Public Health Science
2015-05-01 00:00:00,2015/05/01,2015 May,Typhoid fever and paratyphoid fever,伤寒+副伤寒,47.0,0.0,0.0853304253692656,,浙江,Zhejiang,330000,missing,https://www.phsciencedata.cn/Share/ky_sjml.jsp,The Data-center of China Public Health Science
2015-05-01 00:00:00,2015/05/01,2015 May,Typhoid fever and paratyphoid fever,伤寒+副伤寒,32.0,0.0,0.05260648271330429,,安徽,Anhui,340000,missing,https://www.phsciencedata.cn/Share/ky_sjml.jsp,The Data-center of China Public Health Science
2015-05-01 00:00:00,2015/05/01,2015 May,Typhoid fever and paratyphoid fever,伤寒+副伤寒,46.0,0.0,0.12086179716237519,,福建,Fujian,350000,missing,https://www.phsciencedata.cn/Share/ky_sjml.jsp,The Data-center of China Public Health Science
2015-05-01 00:00:00,2015/05/01,2015 May,Typhoid fever and paratyphoid fever,伤寒+副伤寒,16.0,0.0,0.035225529138634755,,江西,Jiangxi,360000,missing,https://www.phsciencedata.cn/Share/ky_sjml.jsp,The Data-center of China Public Health Science
2015-05-01 00:00:00,2015/05/01,2015 May,Typhoid fever and paratyphoid fever,伤寒+副伤寒,3.0,0.0,0.0030645297101711834,,山东,Shandong,370000,missing,https://www.phsciencedata.cn/Share/ky_sjml.jsp,The Data-center of China Public Health Science
2015-05-01 00:00:00,2015/05/01,2015 May,Typhoid fever and paratyphoid fever,伤寒+副伤寒,32.0,0.0,0.03391267558102322,,河南,Henan,410000,missing,https://www.phsciencedata.cn/Share/ky_sjml.jsp,The Data-center of China Public Health Science
2015-05-01 00:00:00,2015/05/01,2015 May,Typhoid fever and paratyphoid fever,伤寒+副伤寒,31.0,0.0,0.0533012388806953,,湖北,Hubei,420000,missing,https://www.phsciencedata.cn/Share/ky_sjml.jsp,The Data-center of China Public Health Science
2015-05-01 00:00:00,2015/05/01,2015 May,Typhoid fever and paratyphoid fever,伤寒+副伤寒,111.0,0.0,0.16475589410500444,,湖南,Hunan,430000,missing,https://www.phsciencedata.cn/Share/ky_sjml.jsp,The Data-center of China Public Health Science
2015-05-01 00:00:00,2015/05/01,2015 May,Typhoid fever and paratyphoid fever,伤寒+副伤寒,147.0,0.0,0.1370757103463795,,广东,Guangdong,440000,missing,https://www.phsciencedata.cn/Share/ky_sjml.jsp,The Data-center of China Public Health Science
2015-05-01 00:00:00,2015/05/01,2015 May,Typhoid fever and paratyphoid fever,伤寒+副伤寒,125.0,0.0,0.26293648560944405,,广西,Guangxi,450000,missing,https://www.phsciencedata.cn/Share/ky_sjml.jsp,The Data-center of China Public Health Science
2015-05-01 00:00:00,2015/05/01,2015 May,Typhoid fever and paratyphoid fever,伤寒+副伤寒,5.0,0.0,0.055341574284054354,,海南,Hainan,460000,missing,https://www.phsciencedata.cn/Share/ky_sjml.jsp,The Data-center of China Public Health Science
2015-05-01 00:00:00,2015/05/01,2015 May,Typhoid fever and paratyphoid fever,伤寒+副伤寒,13.0,0.0,0.04345791558854821,,重庆,Chongqing,500000,missing,https://www.phsciencedata.cn/Share/ky_sjml.jsp,The Data-center of China Public Health Science
2015-05-01 00:00:00,2015/05/01,2015 May,Typhoid fever and paratyphoid fever,伤寒+副伤寒,23.0,0.0,0.02825483507486923,,四川,Sichuan,510000,missing,https://www.phsciencedata.cn/Share/ky_sjml.jsp,The Data-center of China Public Health Science
2015-05-01 00:00:00,2015/05/01,2015 May,Typhoid fever and paratyphoid fever,伤寒+副伤寒,55.0,0.0,0.15678315179744756,,贵州,Guizhou,520000,missing,https://www.phsciencedata.cn/Share/ky_sjml.jsp,The Data-center of China Public Health Science
2015-05-01 00:00:00,2015/05/01,2015 May,Typhoid fever and paratyphoid fever,伤寒+副伤寒,345.0,0.0,0.7318780627505886,,云南,Yunnan,530000,missing,https://www.phsciencedata.cn/Share/ky_sjml.jsp,The Data-center of China Public Health Science
2015-05-01 00:00:00,2015/05/01,2015 May,Typhoid fever and paratyphoid fever,伤寒+副伤寒,3.0,0.0,0.00794676704457694,,陕西,Shaanxi,610000,missing,https://www.phsciencedata.cn/Share/ky_sjml.jsp,The Data-center of China Public Health Science
2015-05-01 00:00:00,2015/05/01,2015 May,Typhoid fever and paratyphoid fever,伤寒+副伤寒,4.0,0.0,0.015439365750854955,,甘肃,Gansu,620000,missing,https://www.phsciencedata.cn/Share/ky_sjml.jsp,The Data-center of China Public Health Science
2015-05-01 00:00:00,2015/05/01,2015 May,Typhoid fever and paratyphoid fever,伤寒+副伤寒,1.0,0.0,0.017140298830825934,,青海,Qinghai,630000,missing,https://www.phsciencedata.cn/Share/ky_sjml.jsp,The Data-center of China Public Health Science
2015-05-01 00:00:00,2015/05/01,2015 May,Typhoid fever and paratyphoid fever,伤寒+副伤寒,2.0,0.0,0.030232483261407737,,宁夏,Ningxia,640000,missing,https://www.phsciencedata.cn/Share/ky_sjml.jsp,The Data-center of China Public Health Science
2015-05-01 00:00:00,2015/05/01,2015 May,Typhoid fever and paratyphoid fever,伤寒+副伤寒,24.0,0.0,0.10441730899626904,,新疆,Xinjiang,650000,missing,https://www.phsciencedata.cn/Share/ky_sjml.jsp,The Data-center of China Public Health Science
2015-05-01 00:00:00,2015/05/01,2015 May,Paratyphoid,副伤寒,261.0,0.0,0.019156431689809406,,全国,Total,100000,missing,https://www.phsciencedata.cn/Share/ky_sjml.jsp,The Data-center of China Public Health Science
2015-05-01 00:00:00,2015/05/01,2015 May,Paratyphoid,副伤寒,,,,,北京,Beijing,110000,missing,https://www.phsciencedata.cn/Share/ky_sjml.jsp,The Data-center of China Public Health Science
2015-05-01 00:00:00,2015/05/01,2015 May,Paratyphoid,副伤寒,1.0,0.0,0.00659278310449014,,天津,Tianjin,120000,missing,https://www.phsciencedata.cn/Share/ky_sjml.jsp,The Data-center of China Public Health Science
2015-05-01 00:00:00,2015/05/01,2015 May,Paratyphoid,副伤寒,5.0,0.0,0.00677162669993901,,河北,Hebei,130000,missing,https://www.phsciencedata.cn/Share/ky_sjml.jsp,The Data-center of China Public Health Science
2015-05-01 00:00:00,2015/05/01,2015 May,Paratyphoid,副伤寒,4.0,0.0,0.010965034314800762,,山西,Shanxi,140000,missing,https://www.phsciencedata.cn/Share/ky_sjml.jsp,The Data-center of China Public Health Science
2015-05-01 00:00:00,2015/05/01,2015 May,Paratyphoid,副伤寒,,,,,内蒙古,Inner Mongolia,150000,missing,https://www.phsciencedata.cn/Share/ky_sjml.jsp,The Data-center of China Public Health Science
2015-05-01 00:00:00,2015/05/01,2015 May,Paratyphoid,副伤寒,,,,,辽宁,Liaoning,210000,missing,https://www.phsciencedata.cn/Share/ky_sjml.jsp,The Data-center of China Public Health Science
2015-05-01 00:00:00,2015/05/01,2015 May,Paratyphoid,副伤寒,,,,,吉林,Jilin,220000,missing,https://www.phsciencedata.cn/Share/ky_sjml.jsp,The Data-center of China Public Health Science
2015-05-01 00:00:00,2015/05/01,2015 May,Paratyphoid,副伤寒,1.0,0.0,0.0026089227872604006,,黑龙江,Heilongjiang,230000,missing,https://www.phsciencedata.cn/Share/ky_sjml.jsp,The Data-center of China Public Health Science
2015-05-01 00:00:00,2015/05/01,2015 May,Paratyphoid,副伤寒,3.0,0.0,0.012367667503669178,,上海,Shanghai,310000,missing,https://www.phsciencedata.cn/Share/ky_sjml.jsp,The Data-center of China Public Health Science
2015-05-01 00:00:00,2015/05/01,2015 May,Paratyphoid,副伤寒,,,,,江苏,Jiangsu,320000,missing,https://www.phsciencedata.cn/Share/ky_sjml.jsp,The Data-center of China Public Health Science
2015-05-01 00:00:00,2015/05/01,2015 May,Paratyphoid,副伤寒,10.0,0.0,0.018155409653035234,,浙江,Zhejiang,330000,missing,https://www.phsciencedata.cn/Share/ky_sjml.jsp,The Data-center of China Public Health Science
2015-05-01 00:00:00,2015/05/01,2015 May,Paratyphoid,副伤寒,9.0,0.0,0.014795573263116832,,安徽,Anhui,340000,missing,https://www.phsciencedata.cn/Share/ky_sjml.jsp,The Data-center of China Public Health Science
2015-05-01 00:00:00,2015/05/01,2015 May,Paratyphoid,副伤寒,9.0,0.0,0.023646873357856018,,福建,Fujian,350000,missing,https://www.phsciencedata.cn/Share/ky_sjml.jsp,The Data-center of China Public Health Science
2015-05-01 00:00:00,2015/05/01,2015 May,Paratyphoid,副伤寒,6.0,0.0,0.013209573426988036,,江西,Jiangxi,360000,missing,https://www.phsciencedata.cn/Share/ky_sjml.jsp,The Data-center of China Public Health Science
2015-05-01 00:00:00,2015/05/01,2015 May,Paratyphoid,副伤寒,2.0,0.0,0.002043019806780789,,山东,Shandong,370000,missing,https://www.phsciencedata.cn/Share/ky_sjml.jsp,The Data-center of China Public Health Science
2015-05-01 00:00:00,2015/05/01,2015 May,Paratyphoid,副伤寒,16.0,0.0,0.01695633779051161,,河南,Henan,410000,missing,https://www.phsciencedata.cn/Share/ky_sjml.jsp,The Data-center of China Public Health Science
2015-05-01 00:00:00,2015/05/01,2015 May,Paratyphoid,副伤寒,7.0,0.0,0.01203576361822152,,湖北,Hubei,420000,missing,https://www.phsciencedata.cn/Share/ky_sjml.jsp,The Data-center of China Public Health Science
2015-05-01 00:00:00,2015/05/01,2015 May,Paratyphoid,副伤寒,17.0,0.0,0.025232884682748424,,湖南,Hunan,430000,missing,https://www.phsciencedata.cn/Share/ky_sjml.jsp,The Data-center of China Public Health Science
2015-05-01 00:00:00,2015/05/01,2015 May,Paratyphoid,副伤寒,25.0,0.0,0.02331219563713937,,广东,Guangdong,440000,missing,https://www.phsciencedata.cn/Share/ky_sjml.jsp,The Data-center of China Public Health Science
2015-05-01 00:00:00,2015/05/01,2015 May,Paratyphoid,副伤寒,22.0,0.0,0.046276821467262155,,广西,Guangxi,450000,missing,https://www.phsciencedata.cn/Share/ky_sjml.jsp,The Data-center of China Public Health Science
2015-05-01 00:00:00,2015/05/01,2015 May,Paratyphoid,副伤寒,2.0,0.0,0.022136629713621743,,海南,Hainan,460000,missing,https://www.phsciencedata.cn/Share/ky_sjml.jsp,The Data-center of China Public Health Science
2015-05-01 00:00:00,2015/05/01,2015 May,Paratyphoid,副伤寒,6.0,0.0,0.020057499502406866,,重庆,Chongqing,500000,missing,https://www.phsciencedata.cn/Share/ky_sjml.jsp,The Data-center of China Public Health Science
2015-05-01 00:00:00,2015/05/01,2015 May,Paratyphoid,副伤寒,8.0,0.0,0.009827768721693646,,四川,Sichuan,510000,missing,https://www.phsciencedata.cn/Share/ky_sjml.jsp,The Data-center of China Public Health Science
2015-05-01 00:00:00,2015/05/01,2015 May,Paratyphoid,副伤寒,14.0,0.0,0.03990843863935029,,贵州,Guizhou,520000,missing,https://www.phsciencedata.cn/Share/ky_sjml.jsp,The Data-center of China Public Health Science
2015-05-01 00:00:00,2015/05/01,2015 May,Paratyphoid,副伤寒,90.0,0.0,0.19092471202189273,,云南,Yunnan,530000,missing,https://www.phsciencedata.cn/Share/ky_sjml.jsp,The Data-center of China Public Health Science
2015-05-01 00:00:00,2015/05/01,2015 May,Paratyphoid,副伤寒,3.0,0.0,0.00794676704457694,,陕西,Shaanxi,610000,missing,https://www.phsciencedata.cn/Share/ky_sjml.jsp,The Data-center of China Public Health Science
2015-05-01 00:00:00,2015/05/01,2015 May,Paratyphoid,副伤寒,1.0,0.0,0.0038598414377137387,,甘肃,Gansu,620000,missing,https://www.phsciencedata.cn/Share/ky_sjml.jsp,The Data-center of China Public Health Science
2015-05-01 00:00:00,2015/05/01,2015 May,Paratyphoid,副伤寒,,,,,青海,Qinghai,630000,missing,https://www.phsciencedata.cn/Share/ky_sjml.jsp,The Data-center of China Public Health Science
2015-05-01 00:00:00,2015/05/01,2015 May,Paratyphoid,副伤寒,,,,,宁夏,Ningxia,640000,missing,https://www.phsciencedata.cn/Share/ky_sjml.jsp,The Data-center of China Public Health Science
2015-05-01 00:00:00,2015/05/01,2015 May,Paratyphoid,副伤寒,,,,,新疆,Xinjiang,650000,missing,https://www.phsciencedata.cn/Share/ky_sjml.jsp,The Data-center of China Public Health Science
