Date,YearMonthDay,YearMonth,Diseases,DiseasesCN,Cases,Deaths,Incidence,Mortality,ProvinceCN,Province,ADCode,DOI,URL,Source
2014-07-01 00:00:00,2014/07/01,2014 July,Scarlet fever,猩红热,3553.0,0.0,0.2621813994214447,,全国,Total,100000,missing,https://www.phsciencedata.cn/Share/ky_sjml.jsp,The Data-center of China Public Health Science
2014-07-01 00:00:00,2014/07/01,2014 July,Scarlet fever,猩红热,216.0,0.0,1.0213731794968792,,北京,Beijing,110000,missing,https://www.phsciencedata.cn/Share/ky_sjml.jsp,The Data-center of China Public Health Science
2014-07-01 00:00:00,2014/07/01,2014 July,Scarlet fever,猩红热,73.0,0.0,0.4958531731206825,,天津,Tianjin,120000,missing,https://www.phsciencedata.cn/Share/ky_sjml.jsp,The Data-center of China Public Health Science
2014-07-01 00:00:00,2014/07/01,2014 July,Scarlet fever,猩红热,250.0,0.0,0.34094272025922556,,河北,Hebei,130000,missing,https://www.phsciencedata.cn/Share/ky_sjml.jsp,The Data-center of China Public Health Science
2014-07-01 00:00:00,2014/07/01,2014 July,Scarlet fever,猩红热,185.0,0.0,0.5096699542674528,,山西,Shanxi,140000,missing,https://www.phsciencedata.cn/Share/ky_sjml.jsp,The Data-center of China Public Health Science
2014-07-01 00:00:00,2014/07/01,2014 July,Scarlet fever,猩红热,300.0,0.0,1.2011482977726706,,内蒙古,Inner Mongolia,150000,missing,https://www.phsciencedata.cn/Share/ky_sjml.jsp,The Data-center of China Public Health Science
2014-07-01 00:00:00,2014/07/01,2014 July,Scarlet fever,猩红热,308.0,0.0,0.7015945330296127,,辽宁,Liaoning,210000,missing,https://www.phsciencedata.cn/Share/ky_sjml.jsp,The Data-center of China Public Health Science
2014-07-01 00:00:00,2014/07/01,2014 July,Scarlet fever,猩红热,269.0,0.0,0.9777267308307406,,吉林,Jilin,220000,missing,https://www.phsciencedata.cn/Share/ky_sjml.jsp,The Data-center of China Public Health Science
2014-07-01 00:00:00,2014/07/01,2014 July,Scarlet fever,猩红热,245.0,0.0,0.6388493410725368,,黑龙江,Heilongjiang,230000,missing,https://www.phsciencedata.cn/Share/ky_sjml.jsp,The Data-center of China Public Health Science
2014-07-01 00:00:00,2014/07/01,2014 July,Scarlet fever,猩红热,138.0,0.0,0.5713930811750824,,上海,Shanghai,310000,missing,https://www.phsciencedata.cn/Share/ky_sjml.jsp,The Data-center of China Public Health Science
2014-07-01 00:00:00,2014/07/01,2014 July,Scarlet fever,猩红热,121.0,0.0,0.15240273619590175,,江苏,Jiangsu,320000,missing,https://www.phsciencedata.cn/Share/ky_sjml.jsp,The Data-center of China Public Health Science
2014-07-01 00:00:00,2014/07/01,2014 July,Scarlet fever,猩红热,129.0,0.0,0.23463077482720987,,浙江,Zhejiang,330000,missing,https://www.phsciencedata.cn/Share/ky_sjml.jsp,The Data-center of China Public Health Science
2014-07-01 00:00:00,2014/07/01,2014 July,Scarlet fever,猩红热,47.0,0.0,0.07794620053733126,,安徽,Anhui,340000,missing,https://www.phsciencedata.cn/Share/ky_sjml.jsp,The Data-center of China Public Health Science
2014-07-01 00:00:00,2014/07/01,2014 July,Scarlet fever,猩红热,24.0,0.0,0.06359300476947535,,福建,Fujian,350000,missing,https://www.phsciencedata.cn/Share/ky_sjml.jsp,The Data-center of China Public Health Science
2014-07-01 00:00:00,2014/07/01,2014 July,Scarlet fever,猩红热,16.0,0.0,0.03538140044005617,,江西,Jiangxi,360000,missing,https://www.phsciencedata.cn/Share/ky_sjml.jsp,The Data-center of China Public Health Science
2014-07-01 00:00:00,2014/07/01,2014 July,Scarlet fever,猩红热,296.0,0.0,0.30410781855037144,,山东,Shandong,370000,missing,https://www.phsciencedata.cn/Share/ky_sjml.jsp,The Data-center of China Public Health Science
2014-07-01 00:00:00,2014/07/01,2014 July,Scarlet fever,猩红热,113.0,0.0,0.12004228037839877,,河南,Henan,410000,missing,https://www.phsciencedata.cn/Share/ky_sjml.jsp,The Data-center of China Public Health Science
2014-07-01 00:00:00,2014/07/01,2014 July,Scarlet fever,猩红热,48.0,0.0,0.08277289187790998,,湖北,Hubei,420000,missing,https://www.phsciencedata.cn/Share/ky_sjml.jsp,The Data-center of China Public Health Science
2014-07-01 00:00:00,2014/07/01,2014 July,Scarlet fever,猩红热,49.0,0.0,0.0732370788867964,,湖南,Hunan,430000,missing,https://www.phsciencedata.cn/Share/ky_sjml.jsp,The Data-center of China Public Health Science
2014-07-01 00:00:00,2014/07/01,2014 July,Scarlet fever,猩红热,107.0,0.0,0.1005261180007516,,广东,Guangdong,440000,missing,https://www.phsciencedata.cn/Share/ky_sjml.jsp,The Data-center of China Public Health Science
2014-07-01 00:00:00,2014/07/01,2014 July,Scarlet fever,猩红热,17.0,0.0,0.03602458147912693,,广西,Guangxi,450000,missing,https://www.phsciencedata.cn/Share/ky_sjml.jsp,The Data-center of China Public Health Science
2014-07-01 00:00:00,2014/07/01,2014 July,Scarlet fever,猩红热,16.0,0.0,0.05387205387205387,,重庆,Chongqing,500000,missing,https://www.phsciencedata.cn/Share/ky_sjml.jsp,The Data-center of China Public Health Science
2014-07-01 00:00:00,2014/07/01,2014 July,Scarlet fever,猩红热,108.0,0.0,0.13321820648822005,,四川,Sichuan,510000,missing,https://www.phsciencedata.cn/Share/ky_sjml.jsp,The Data-center of China Public Health Science
2014-07-01 00:00:00,2014/07/01,2014 July,Scarlet fever,猩红热,44.0,0.0,0.12563459748388164,,贵州,Guizhou,520000,missing,https://www.phsciencedata.cn/Share/ky_sjml.jsp,The Data-center of China Public Health Science
2014-07-01 00:00:00,2014/07/01,2014 July,Scarlet fever,猩红热,83.0,0.0,0.17710066999530577,,云南,Yunnan,530000,missing,https://www.phsciencedata.cn/Share/ky_sjml.jsp,The Data-center of China Public Health Science
2014-07-01 00:00:00,2014/07/01,2014 July,Scarlet fever,猩红热,7.0,0.0,0.22433021407511855,,西藏,Tibet,540000,missing,https://www.phsciencedata.cn/Share/ky_sjml.jsp,The Data-center of China Public Health Science
2014-07-01 00:00:00,2014/07/01,2014 July,Scarlet fever,猩红热,67.0,0.0,0.17800212539851223,,陕西,Shaanxi,610000,missing,https://www.phsciencedata.cn/Share/ky_sjml.jsp,The Data-center of China Public Health Science
2014-07-01 00:00:00,2014/07/01,2014 July,Scarlet fever,猩红热,94.0,0.0,0.36403349108117944,,甘肃,Gansu,620000,missing,https://www.phsciencedata.cn/Share/ky_sjml.jsp,The Data-center of China Public Health Science
2014-07-01 00:00:00,2014/07/01,2014 July,Scarlet fever,猩红热,16.0,0.0,0.2769172190588276,,青海,Qinghai,630000,missing,https://www.phsciencedata.cn/Share/ky_sjml.jsp,The Data-center of China Public Health Science
2014-07-01 00:00:00,2014/07/01,2014 July,Scarlet fever,猩红热,64.0,0.0,0.9783090539445727,,宁夏,Ningxia,640000,missing,https://www.phsciencedata.cn/Share/ky_sjml.jsp,The Data-center of China Public Health Science
2014-07-01 00:00:00,2014/07/01,2014 July,Scarlet fever,猩红热,103.0,0.0,0.4548867199576028,,新疆,Xinjiang,650000,missing,https://www.phsciencedata.cn/Share/ky_sjml.jsp,The Data-center of China Public Health Science
